1.600000000000000033e-02 7.000319999999999876e-01
9.969999999999999696e-03 6.996440000000000436e-01
7.559999999999999880e-03 6.994620000000000282e-01
7.799999999999999642e-03 6.994439999999999547e-01
2.160000000000000028e-03 6.991169999999999884e-01
1.849999999999999908e-02 7.001519999999999966e-01
1.308999999999999921e-02 6.998790000000000289e-01
1.629999999999999852e-02 7.000129999999999963e-01
6.450000000000000004e-03 6.993639999999999857e-01
2.619999999999999933e-03 6.991150000000000420e-01
2.680000000000000090e-03 6.991479999999999917e-01
8.800000000000000313e-04 6.990549999999999820e-01
1.840000000000000056e-03 6.990880000000000427e-01
