0.000000000000000000e+00 9.763564758333334339e+02
6.315789473684210407e+02 9.763785149999998794e+02
1.263157894736842081e+03 9.763815258333335123e+02
1.894736842105263122e+03 9.763714562500000511e+02
2.526315789473684163e+03 9.763558116666665683e+02
3.157894736842104976e+03 9.763370429166666327e+02
3.789473684210526244e+03 9.763284949999998616e+02
4.421052631578947512e+03 9.763097704166666517e+02
5.052631578947368325e+03 9.762884129166665161e+02
5.684210526315789139e+03 9.762581733333331613e+02
6.315789473684209952e+03 9.762354845833332320e+02
6.947368421052631675e+03 9.762125737500000469e+02
7.578947368421052488e+03 9.761912625000001071e+02
8.210526315789473301e+03 9.761744137500000988e+02
8.842105263157895024e+03 9.761526641666667956e+02
9.473684210526314928e+03 9.761197179166670139e+02
1.010526315789473665e+04 9.760771208333334243e+02
1.073684210526315837e+04 9.760163754166666195e+02
1.136842105263157828e+04 9.759385258333334150e+02
1.200000000000000000e+04 9.758609037499999204e+02
