jour date pluie debit
[nb jours] [an mois jour] [mm],[m3/s]
0 19940901 19.014  8.1
1 19940902 0.000  8.3
2 19940903 0.000  8.3
3 19940904 0.000  8.2
4 19940905 0.000  8.1
5 19940906 0.000  8.0
6 19940907 18.374  8.0
7 19940908 52.854 11.7
8 19940909 0.000 14.0
9 19940910 0.000 13.6
10 19940911 0.447 12.6
11 19940912 13.251 11.5
12 19940913 25.470 11.3
13 19940914 3.899 12.2
14 19940915 0.446 16.3
15 19940916 9.597 16.4
16 19940917 0.000 16.1
17 19940918 0.000 15.8
18 19940919 0.000 15.3
19 19940920 8.564 14.8
20 19940921 17.371 14.0
21 19940922 24.950 14.4
22 19940923 53.892 14.8
23 19940924 0.000 37.4
24 19940925 25.761 42.7
25 19940926 3.291 42.0
26 19940927 0.000 43.0
27 19940928 0.000 42.0
28 19940929 14.305 39.2
29 19940930 14.834 36.4
30 19941001 0.579 34.3
31 19941002 0.000 34.7
32 19941003 0.065 33.7
33 19941004 0.000 32.0
34 19941005 0.000 30.2
35 19941006 0.000 27.7
36 19941007 0.000 26.2
37 19941008 0.000 24.9
38 19941009 0.714 23.6
39 19941010 3.907 22.6
40 19941011 0.000 21.6
41 19941012 0.000 20.8
42 19941013 0.000 20.0
43 19941014 0.000 19.5
44 19941015 0.000 19.3
45 19941016 0.000 19.0
46 19941017 0.000 18.7
47 19941018 0.000 18.4
48 19941019 54.009 17.2
49 19941020 54.081 28.4
50 19941021 7.188 39.7
51 19941022 30.750 48.7
52 19941023 0.961 49.9
53 19941024 0.000 55.9
54 19941025 5.038 56.3
55 19941026 0.168 55.1
56 19941027 5.150 52.7
57 19941028 13.200 50.7
58 19941029 0.000 48.3
59 19941030 0.000 46.5
60 19941031 0.000 44.7
61 19941101 0.000 42.0
62 19941102 17.247 39.4
63 19941103 7.202 36.7
64 19941104 33.848 37.1
65 19941105 82.305 40.4
66 19941106 0.000 71.5
67 19941107 22.749 74.5
68 19941108 0.000 75.0
69 19941109 23.537 75.5
70 19941110 0.763 75.5
71 19941111 0.000 75.0
72 19941112 0.000 74.5
73 19941113 0.000 71.5
74 19941114 0.000 71.5
75 19941115 0.000 69.0
76 19941116 0.000 66.5
77 19941117 0.000 65.0
78 19941118 0.000 63.5
79 19941119 0.000 60.3
80 19941120 0.000 58.7
81 19941121 0.000 56.3
82 19941122 0.000 54.3
83 19941123 0.000 51.9
84 19941124 0.000 48.9
85 19941125 0.000 45.9
86 19941126 0.000 43.7
87 19941127 0.000 41.4
88 19941128 0.000 37.7
89 19941129 0.000 36.4
90 19941130 0.000 35.8
91 19941201 0.050 35.1
92 19941202 0.000 34.5
93 19941203 0.332 33.5
94 19941204 0.239 32.9
95 19941205 0.224 32.3
96 19941206 0.000 31.6
97 19941207 6.586 30.9
98 19941208 0.000 30.2
99 19941209 3.399 29.8
100 19941210 0.000 29.3
101 19941211 0.000 28.6
102 19941212 0.000 28.0
103 19941213 0.000 27.5
104 19941214 0.000 27.0
105 19941215 0.000 26.6
106 19941216 0.000 26.1
107 19941217 0.000 25.7
108 19941218 0.035 25.3
109 19941219 2.572 24.9
110 19941220 0.000 24.4
111 19941221 0.000 24.1
112 19941222 0.000 23.8
113 19941223 0.000 23.4
114 19941224 0.000 23.0
115 19941225 0.000 22.5
116 19941226 0.000 22.1
117 19941227 0.000 21.8
118 19941228 0.000 21.4
119 19941229 0.000 21.0
120 19941230 3.396 20.7
121 19941231 2.329 20.3
122 19950101 0.000 20.1
123 19950102 0.000 19.8
124 19950103 0.000 19.6
125 19950104 0.000 19.5
126 19950105 0.000 19.4
127 19950106 3.367 19.1
128 19950107 0.000 18.9
129 19950108 0.000 18.7
130 19950109 0.000 18.6
131 19950110 0.000 18.5
132 19950111 1.777 18.3
133 19950112 0.080 18.2
134 19950113 0.000 18.1
135 19950114 0.000 17.9
136 19950115 0.000 17.7
137 19950116 0.000 17.5
138 19950117 2.662 17.4
139 19950118 59.252 17.2
140 19950119 0.000 19.9
141 19950120 6.066 26.0
142 19950121 0.000 26.0
143 19950122 0.112 26.2
144 19950123 1.628 26.2
145 19950124 0.074 25.9
146 19950125 0.000 25.9
147 19950126 2.032 25.9
148 19950127 0.112 26.0
149 19950128 0.000 26.2
150 19950129 3.309 25.4
151 19950130 0.000 24.4
152 19950131 0.000 23.8
153 19950201 0.000 23.1
154 19950202 0.392 22.7
155 19950203 0.000 22.2
156 19950204 0.000 21.7
157 19950205 0.000 21.2
158 19950206 0.000 20.8
159 19950207 0.000 20.5
160 19950208 2.362 20.4
161 19950209 0.000 20.2
162 19950210 10.259 20.1
163 19950211 0.692 19.8
164 19950212 0.147 19.6
165 19950213 41.587 19.6
166 19950214 0.000 25.1
167 19950215 2.552 32.9
168 19950216 0.035 34.1
169 19950217 2.057 33.9
170 19950218 0.146 33.1
171 19950219 0.000 32.2
172 19950220 0.000 30.9
173 19950221 0.392 29.6
174 19950222 10.958 28.0
175 19950223 5.434 27.1
176 19950224 22.006 26.8
177 19950225 17.453 32.9
178 19950226 3.145 39.0
179 19950227 0.000 41.7
180 19950228 0.000 43.0
181 19950301 0.000 42.3
182 19950302 0.000 41.4
183 19950303 6.327 39.4
184 19950304 0.000 37.4
185 19950305 10.339 35.4
186 19950306 0.000 33.5
187 19950307 0.224 32.6
188 19950308 2.510 31.3
189 19950309 0.000 30.5
190 19950310 0.000 29.7
191 19950311 0.000 29.1
192 19950312 0.000 28.2
193 19950313 0.112 27.8
194 19950314 0.000 27.5
195 19950315 1.803 27.1
196 19950316 0.000 26.8
197 19950317 0.000 26.3
198 19950318 0.000 25.8
199 19950319 0.030 25.2
200 19950320 0.000 24.8
201 19950321 0.000 24.4
202 19950322 0.000 23.8
203 19950323 0.000 23.3
204 19950324 0.000 22.7
205 19950325 0.000 22.4
206 19950326 0.000 22.1
207 19950327 5.186 21.8
208 19950328 3.781 21.6
209 19950329 1.258 21.1
210 19950330 0.000 20.6
211 19950331 0.000 20.1
212 19950401 0.000 19.7
213 19950402 0.000 19.5
214 19950403 0.000 19.4
215 19950404 0.000 19.2
216 19950405 0.000 19.0
217 19950406 0.000 18.9
218 19950407 0.000 18.8
219 19950408 0.000 18.7
220 19950409 0.000 18.5
221 19950410 0.000 18.4
222 19950411 0.000 18.2
223 19950412 0.000 18.0
224 19950413 0.112 17.8
225 19950414 0.000 17.6
226 19950415 0.000 17.5
227 19950416 0.000 17.3
228 19950417 0.000 17.1
229 19950418 0.000 16.9
230 19950419 17.268 16.7
231 19950420 0.149 16.6
232 19950421 115.729 16.5
233 19950422 15.488 32.6
234 19950423 47.953 50.1
235 19950424 14.848 66.5
236 19950425 0.074 73.0
237 19950426 0.000 74.0
238 19950427 1.008 74.0
239 19950428 0.040 73.0
240 19950429 1.229 70.0
241 19950430 0.000 68.3
242 19950501 0.000 66.5
243 19950502 0.000 64.2
244 19950503 0.000 61.8
245 19950504 0.000 59.5
246 19950505 0.000 56.7
247 19950506 0.000 54.1
248 19950507 0.000 51.5
249 19950508 0.000 48.3
250 19950509 0.000 45.1
251 19950510 0.000 42.4
252 19950511 23.930 39.7
253 19950512 16.206 38.1
254 19950513 0.000 38.4
255 19950514 0.000 38.4
256 19950515 5.596 37.4
257 19950516 6.909 36.4
258 19950517 0.830 35.6
259 19950518 15.253 34.5
260 19950519 0.000 34.3
261 19950520 0.000 34.1
262 19950521 0.000 33.7
263 19950522 0.000 33.3
264 19950523 0.000 32.6
265 19950524 0.000 31.6
266 19950525 5.599 31.1
267 19950526 15.092 30.4
268 19950527 0.000 31.1
269 19950528 0.000 31.0
270 19950529 0.000 30.5
271 19950530 1.062 30.0
272 19950531 0.555 29.4
273 19950601 0.000 28.9
274 19950602 0.000 28.3
275 19950603 0.000 27.7
276 19950604 0.000 27.0
277 19950605 0.000 26.8
278 19950606 0.000 25.9
279 19950607 0.000 25.0
280 19950608 0.000 25.0
281 19950609 0.000 24.6
282 19950610 0.000 24.3
283 19950611 1.967 23.8
284 19950612 0.000 23.4
285 19950613 0.000 22.9
286 19950614 0.000 22.5
287 19950615 0.000 22.1
288 19950616 0.000 21.7
289 19950617 0.000 21.3
290 19950618 0.000 20.7
291 19950619 0.000 20.3
292 19950620 0.000 20.0
293 19950621 0.000 19.7
294 19950622 0.000 19.5
295 19950623 0.000 19.4
296 19950624 0.000 19.3
297 19950625 0.000 19.0
298 19950626 0.000 18.9
299 19950627 0.000 18.7
300 19950628 1.655 18.5
301 19950629 25.910 18.3
302 19950630 0.015 18.1
303 19950701 0.000 18.0
304 19950702 0.000 17.9
305 19950703 2.912 17.7
306 19950704 0.000 17.5
307 19950705 5.677 17.4
308 19950706 0.000 17.2
309 19950707 0.000 16.9
310 19950708 0.000 16.7
311 19950709 0.000 16.5
312 19950710 0.000 16.4
313 19950711 0.685 16.4
314 19950712 0.000 16.3
315 19950713 0.000 16.1
316 19950714 0.336 15.9
317 19950715 0.000 15.7
318 19950716 0.000 15.5
319 19950717 0.000 15.3
320 19950718 0.000 15.2
321 19950719 0.000 15.0
322 19950720 0.000 14.8
323 19950721 0.000 14.6
324 19950722 0.000 14.4
325 19950723 0.000 14.3
326 19950724 0.000 14.1
327 19950725 0.000 14.0
328 19950726 0.000 13.8
329 19950727 0.000 13.7
330 19950728 0.000 13.5
331 19950729 0.000 13.4
332 19950730 7.000 13.2
333 19950731 0.000 13.1
334 19950801 0.442 13.0
335 19950802 0.728 12.9
336 19950803 0.000 12.8
337 19950804 0.000 12.7
338 19950805 0.127 12.5
339 19950806 9.578 12.4
340 19950807 4.498 12.3
341 19950808 5.707 12.2
342 19950809 0.112 12.1
343 19950810 0.000 12.0
344 19950811 11.037 11.7
345 19950812 0.000 11.8
346 19950813 0.000 11.7
347 19950814 0.000 11.6
348 19950815 0.000 11.5
349 19950816 0.000 11.4
350 19950817 0.015 11.3
351 19950818 6.605 11.2
352 19950819 0.000 11.1
353 19950820 0.000 11.1
354 19950821 15.039 11.0
355 19950822 16.295 10.9
356 19950823 0.757 11.0
357 19950824 0.015 10.9
358 19950825 0.000 10.8
359 19950826 0.000 10.7
360 19950827 0.000 10.6
361 19950828 0.000 10.5
362 19950829 0.000 10.5
363 19950830 0.000 10.4
364 19950831 0.000 10.3
365 19950901 0.000 10.2
366 19950902 0.000 10.1
367 19950903 0.000 10.1
368 19950904 0.000 10.0
369 19950905 0.000  9.9
370 19950906 0.056  9.9
371 19950907 5.016  9.9
372 19950908 0.650  9.8
373 19950909 0.000  9.7
374 19950910 8.221  9.6
375 19950911 4.056  9.5
376 19950912 52.265  9.5
377 19950913 0.730  9.4
378 19950914 0.000 10.1
379 19950915 0.000 10.0
380 19950916 0.000  9.8
381 19950917 0.000  9.6
382 19950918 22.192  9.5
383 19950919 7.781  9.5
384 19950920 1.378  9.8
385 19950921 0.000 10.0
386 19950922 6.955 10.0
387 19950923 3.808 10.0
388 19950924 9.707  9.9
389 19950925 3.212 10.2
390 19950926 0.000 10.2
391 19950927 0.000 10.0
392 19950928 0.000  9.9
393 19950929 0.000  9.7
394 19950930 0.000  9.6
395 19951001 0.000  9.5
396 19951002 0.000  9.3
397 19951003 7.602  9.2
398 19951004 0.254  9.1
399 19951005 30.439  9.1
400 19951006 20.221 11.9
401 19951007 0.000 15.7
402 19951008 0.000 16.7
403 19951009 0.000 15.8
404 19951010 0.784 14.8
405 19951011 0.000 13.8
406 19951012 0.000 13.2
407 19951013 0.000 12.8
408 19951014 1.453 12.3
409 19951015 0.705 11.9
410 19951016 0.000 11.7
411 19951017 0.000 11.4
412 19951018 0.000 11.1
413 19951019 0.000 10.9
414 19951020 0.000 10.7
415 19951021 0.000 10.5
416 19951022 0.000 10.3
417 19951023 0.000 10.1
418 19951024 0.000 10.0
419 19951025 0.000  9.8
420 19951026 0.000  9.7
421 19951027 0.000  9.5
422 19951028 0.336  9.4
423 19951029 14.758  9.3
424 19951030 0.112  9.2
425 19951031 0.000  9.1
426 19951101 0.000  9.1
427 19951102 0.000  9.0
428 19951103 0.000  9.0
429 19951104 0.000  8.9
430 19951105 0.000  8.8
431 19951106 0.000  8.7
432 19951107 0.000  8.6
433 19951108 0.000  8.5
434 19951109 0.000  8.5
435 19951110 0.814  8.4
436 19951111 0.000  8.4
437 19951112 37.887  8.3
438 19951113 2.940  8.7
439 19951114 0.926 11.2
440 19951115 2.656 11.4
441 19951116 1.901 10.7
442 19951117 0.595 10.7
443 19951118 0.015 10.7
444 19951119 0.000 10.5
445 19951120 0.000 10.2
446 19951121 2.338  9.9
447 19951122 27.873 10.2
448 19951123 0.000 12.0
449 19951124 0.000 12.9
450 19951125 0.000 13.3
451 19951126 36.020 13.0
452 19951127 11.284 14.7
453 19951128 0.000 22.0
454 19951129 0.000 24.4
455 19951130 0.000 22.9
456 19951201 0.000 21.4
457 19951202 0.000 19.7
458 19951203 0.000 18.7
459 19951204 0.440 17.9
460 19951205 0.430 17.2
461 19951206 19.464 16.6
462 19951207 43.894 16.4
463 19951208 0.040 18.0
464 19951209 0.000 22.8
465 19951210 0.000 25.4
466 19951211 0.000 25.2
467 19951212 0.000 23.9
468 19951213 0.000 22.8
469 19951214 1.672 22.0
470 19951215 12.612 21.4
471 19951216 20.899 21.9
472 19951217 9.439 28.4
473 19951218 0.000 37.4
474 19951219 0.000 40.0
475 19951220 0.000 39.1
476 19951221 0.000 36.2
477 19951222 1.029 33.4
478 19951223 0.015 31.6
479 19951224 5.959 30.0
480 19951225 5.502 29.1
481 19951226 5.252 28.4
482 19951227 0.000 28.6
483 19951228 24.320 29.8
484 19951229 10.153 31.7
485 19951230 27.493 35.9
486 19951231 0.446 48.2
487 19960101 11.566 57.3
488 19960102 1.400 58.6
489 19960103 0.000 58.1
490 19960104 0.000 57.2
491 19960105 36.806 56.5
492 19960106 18.994 58.6
493 19960107 11.190 63.1
494 19960108 0.000 67.6
495 19960109 2.463 69.0
496 19960110 20.003 68.2
497 19960111 10.000 69.8
498 19960112 32.785 71.7
499 19960113 0.000 73.7
500 19960114 0.152 75.4
501 19960115 0.000 74.9
502 19960116 0.000 73.2
503 19960117 0.000 69.4
504 19960118 0.000 67.5
505 19960119 0.000 65.9
506 19960120 8.190 64.4
507 19960121 4.164 62.1
508 19960122 4.324 59.8
509 19960123 67.876 59.2
510 19960124 19.226 64.6
511 19960125 6.197 71.7
512 19960126 0.000 75.1
513 19960127 0.000 76.1
514 19960128 25.072 75.4
515 19960129 0.030 74.0
516 19960130 0.000 73.2
517 19960131 5.253 72.1
518 19960201 8.349 70.9
519 19960202 7.055 69.2
520 19960203 0.000 67.6
521 19960204 0.000 66.2
522 19960205 0.000 65.1
523 19960206 4.344 64.0
524 19960207 13.300 62.3
525 19960208 0.030 60.7
526 19960209 0.000 58.5
527 19960210 0.000 56.1
528 19960211 0.000 53.4
529 19960212 16.175 50.8
530 19960213 0.000 49.3
531 19960214 0.000 48.9
532 19960215 0.000 47.5
533 19960216 0.000 45.8
534 19960217 0.000 44.4
535 19960218 5.224 43.0
536 19960219 0.571 41.8
537 19960220 0.000 40.7
538 19960221 0.000 39.8
539 19960222 0.000 38.3
540 19960223 0.000 36.9
541 19960224 0.000 36.1
542 19960225 0.000 35.1
543 19960226 8.724 33.9
544 19960227 7.284 33.3
545 19960228 0.000 33.2
546 19960229 0.000 33.1
547 19960301 0.000 33.4
548 19960302 0.000 33.2
549 19960303 0.000 32.9
550 19960304 0.000 32.2
551 19960305 0.000 31.2
552 19960306 0.000 29.8
553 19960307 0.112 29.1
554 19960308 0.000 28.4
555 19960309 0.000 27.5
556 19960310 0.000 26.6
557 19960311 0.000 26.0
558 19960312 0.000 25.5
559 19960313 4.090 25.0
560 19960314 56.358 26.0
561 19960315 3.114 33.5
562 19960316 0.000 42.9
563 19960317 5.446 45.3
564 19960318 0.030 45.2
565 19960319 0.000 44.0
566 19960320 0.408 42.5
567 19960321 0.000 40.8
568 19960322 0.000 39.1
569 19960323 0.000 37.4
570 19960324 0.260 36.2
571 19960325 0.112 35.3
572 19960326 0.943 34.9
573 19960327 0.000 34.6
574 19960328 0.000 33.9
575 19960329 0.000 33.1
576 19960330 0.000 32.1
577 19960331 0.000 31.1
578 19960401 7.072 30.1
579 19960402 0.000 29.1
580 19960403 0.000 28.2
581 19960404 0.000 27.9
582 19960405 0.000 26.6
583 19960406 0.000 25.4
584 19960407 0.000 24.9
585 19960408 0.000 24.8
586 19960409 0.560 24.4
587 19960410 0.000 24.0
588 19960411 0.000 23.9
589 19960412 0.000 23.7
590 19960413 0.000 23.6
591 19960414 0.000 23.5
592 19960415 0.000 23.3
593 19960416 0.000 23.1
594 19960417 0.729 22.9
595 19960418 0.000 22.6
596 19960419 0.000 22.3
597 19960420 0.000 22.1
598 19960421 0.663 22.0
599 19960422 10.938 21.8
600 19960423 7.925 21.6
601 19960424 0.000 21.5
602 19960425 0.000 21.4
603 19960426 1.580 21.2
604 19960427 6.534 21.0
605 19960428 4.083 20.8
606 19960429 14.141 20.7
607 19960430 3.339 21.3
608 19960501 11.612 27.6
609 19960502 6.318 29.1
610 19960503 5.877 28.2
611 19960504 0.000 27.9
612 19960505 0.074 26.6
613 19960506 0.056 25.4
614 19960507 10.356 24.9
615 19960508 14.240 24.8
616 19960509 2.163 24.8
617 19960510 6.080 25.1
618 19960511 12.074 27.0
619 19960512 0.000 30.1
620 19960513 0.000 31.9
621 19960514 0.000 32.6
622 19960515 0.000 32.2
623 19960516 0.000 31.2
624 19960517 0.000 29.5
625 19960518 1.749 27.0
626 19960519 23.790 24.9
627 19960520 0.000 25.1
628 19960521 0.000 25.6
629 19960522 0.000 24.9
630 19960523 0.000 24.4
631 19960524 0.000 23.9
632 19960525 0.000 23.4
633 19960526 0.089 22.9
634 19960527 0.000 22.5
635 19960528 0.000 22.1
636 19960529 0.000 21.8
637 19960530 0.000 21.5
638 19960531 0.000 21.3
639 19960601 0.112 20.7
640 19960602 49.663 20.4
641 19960603 0.074 22.5
642 19960604 0.000 22.8
643 19960605 0.000 22.2
644 19960606 0.000 21.7
645 19960607 0.000 21.3
646 19960608 0.000 20.9
647 19960609 0.000 20.5
648 19960610 0.629 20.2
649 19960611 0.000 19.8
650 19960612 5.613 19.5
651 19960613 0.000 19.3
652 19960614 8.365 19.1
653 19960615 9.848 18.9
654 19960616 0.127 18.8
655 19960617 0.000 18.8
656 19960618 0.000 18.7
657 19960619 0.000 18.5
658 19960620 1.740 18.3
659 19960621 17.223 18.1
660 19960622 0.015 17.9
661 19960623 0.000 17.8
662 19960624 3.024 17.6
663 19960625 5.880 17.5
664 19960626 0.000 17.3
665 19960627 0.000 17.1
666 19960628 0.000 16.9
667 19960629 0.000 16.7
668 19960630 0.000 16.5
669 19960701 0.000 16.3
670 19960702 8.323 16.1
671 19960703 0.000 16.0
672 19960704 6.174 15.8
673 19960705 13.702 15.6
674 19960706 0.000 15.5
675 19960707 26.273 15.4
676 19960708 0.015 15.4
677 19960709 0.000 15.8
678 19960710 0.000 15.8
679 19960711 0.000 15.7
680 19960712 0.000 15.5
681 19960713 0.000 15.4
682 19960714 0.558 15.2
683 19960715 0.185 15.0
684 19960716 0.296 14.8
685 19960717 0.000 14.7
686 19960718 0.000 14.4
687 19960719 0.000 14.2
688 19960720 0.000 14.0
689 19960721 0.000 13.8
690 19960722 0.000 13.5
691 19960723 0.127 13.4
692 19960724 0.611 13.3
693 19960725 0.000 13.1
694 19960726 0.000 13.0
695 19960727 8.107 12.8
696 19960728 0.445 12.6
697 19960729 6.018 12.5
698 19960730 0.000 12.4
699 19960731 0.000 12.2
700 19960801 0.000 12.1
701 19960802 0.074 12.0
702 19960803 0.000 11.8
703 19960804 12.352 11.7
704 19960805 4.702 11.6
705 19960806 0.239 11.5
706 19960807 0.000 11.4
707 19960808 6.294 11.4
708 19960809 0.000 11.3
709 19960810 13.636 11.2
710 19960811 1.302 11.1
711 19960812 0.000 11.1
712 19960813 0.000 11.0
713 19960814 0.000 10.9
714 19960815 0.000 10.8
715 19960816 0.000 10.7
716 19960817 0.000 10.6
717 19960818 0.000 10.5
718 19960819 0.000 10.4
719 19960820 0.000 10.3
720 19960821 19.747 10.3
721 19960822 0.000 10.2
722 19960823 0.000 10.2
723 19960824 6.255 10.1
724 19960825 0.000 10.0
725 19960826 0.000 10.0
726 19960827 6.742  9.9
727 19960828 0.000  9.8
728 19960829 0.000  9.8
729 19960830 0.000  9.7
730 19960831 0.000  9.6
731 19960901 0.000  9.5
732 19960902 7.172  9.5
733 19960903 22.289  9.6
734 19960904 0.000  9.8
735 19960905 0.000  9.9
736 19960906 0.000  9.8
737 19960907 0.000  9.6
738 19960908 0.000  9.5
739 19960909 1.546  9.4
740 19960910 0.000  9.3
741 19960911 0.000  9.2
742 19960912 0.000  9.2
743 19960913 0.000  9.1
744 19960914 0.000  9.0
745 19960915 0.000  8.9
746 19960916 0.000  8.8
747 19960917 0.653  8.8
748 19960918 3.265  8.7
749 19960919 16.802  8.7
750 19960920 14.922  8.7
751 19960921 10.868  9.0
752 19960922 16.394 10.1
753 19960923 0.000 11.7
754 19960924 0.000 11.9
755 19960925 0.000 11.4
756 19960926 0.000 10.9
757 19960927 0.000 10.5
758 19960928 0.000 10.3
759 19960929 0.000 10.0
760 19960930 0.000  9.8
761 19961001 21.538  9.7
762 19961002 0.000  9.7
763 19961003 0.000 10.0
764 19961004 0.000  9.9
765 19961005 0.000  9.8
766 19961006 0.000  9.7
767 19961007 0.000  9.5
768 19961008 0.000  9.4
769 19961009 0.000  9.2
770 19961010 0.000  9.1
771 19961011 0.000  9.0
772 19961012 0.000  8.8
773 19961013 0.000  8.7
774 19961014 17.748  8.7
775 19961015 23.791  8.8
776 19961016 0.298  9.9
777 19961017 0.140 10.8
778 19961018 0.000 11.1
779 19961019 0.030 10.8
780 19961020 0.000 10.5
781 19961021 0.000 10.3
782 19961022 0.000 10.1
783 19961023 0.000  9.9
784 19961024 0.000  9.7
785 19961025 0.000  9.5
786 19961026 0.000  9.3
787 19961027 0.000  9.1
788 19961028 1.033  9.0
789 19961029 0.127  8.9
790 19961030 0.000  8.8
791 19961031 0.000  8.6
792 19961101 0.000  8.5
793 19961102 0.000  8.4
794 19961103 0.112  8.3
795 19961104 0.112  8.2
796 19961105 19.668  8.2
797 19961106 0.000  8.3
798 19961107 0.000  8.4
799 19961108 0.000  8.3
800 19961109 0.000  8.2
801 19961110 24.295  8.5
802 19961111 81.866 11.6
803 19961112 16.622 18.8
804 19961113 13.814 37.2
805 19961114 0.000 51.7
806 19961115 19.086 54.7
807 19961116 5.141 54.7
808 19961117 47.092 55.5
809 19961118 6.599 61.7
810 19961119 9.140 66.8
811 19961120 0.239 66.6
812 19961121 12.350 65.6
813 19961122 0.933 64.6
814 19961123 5.440 63.3
815 19961124 0.448 61.8
816 19961125 28.123 60.0
817 19961126 0.000 59.6
818 19961127 5.051 59.2
819 19961128 0.000 58.6
820 19961129 1.682 57.3
821 19961130 6.743 55.2
822 19961201 0.000 53.1
823 19961202 0.000 51.6
824 19961203 0.168 49.8
825 19961204 1.129 47.7
826 19961205 0.000 44.8
827 19961206 14.086 42.3
828 19961207 0.112 40.1
829 19961208 1.931 39.6
830 19961209 0.206 39.5
831 19961210 2.778 39.2
832 19961211 0.000 38.6
833 19961212 15.334 37.3
834 19961213 5.999 37.3
835 19961214 0.000 41.5
836 19961215 0.000 44.6
837 19961216 0.000 45.5
838 19961217 0.000 44.5
839 19961218 9.744 45.0
840 19961219 33.694 45.7
841 19961220 1.575 47.7
842 19961221 4.983 53.0
843 19961222 13.005 54.5
844 19961223 1.073 54.2
845 19961224 1.707 53.8
846 19961225 0.000 53.4
847 19961226 0.060 53.0
848 19961227 1.778 52.7
849 19961228 5.584 52.0
850 19961229 0.000 50.2
851 19961230 0.000 47.8
852 19961231 15.958 45.4
853 19970101 6.184 44.3
854 19970102 47.408 46.2
855 19970103 21.876 58.9
856 19970104 9.122 69.4
857 19970105 0.255 73.4
858 19970106 3.992 72.7
859 19970107 0.000 71.4
860 19970108 25.410 70.2
861 19970109 0.516 70.5
862 19970110 0.000 70.4
863 19970111 0.000 69.6
864 19970112 0.000 67.6
865 19970113 0.000 66.2
866 19970114 0.000 63.9
867 19970115 0.000 61.3
868 19970116 0.000 59.2
869 19970117 0.000 56.9
870 19970118 17.450 53.9
871 19970119 46.854 53.1
872 19970120 6.801 60.9
873 19970121 0.127 71.3
874 19970122 11.640 75.2
875 19970123 0.000 76.6
876 19970124 0.000 75.1
877 19970125 0.000 74.4
878 19970126 0.742 73.1
879 19970127 0.239 71.2
880 19970128 0.000 69.0
881 19970129 0.000 66.3
882 19970130 0.000 64.1
883 19970131 0.000 62.3
884 19970201 0.000 60.5
885 19970202 0.000 57.9
886 19970203 0.000 55.4
887 19970204 0.000 52.9
888 19970205 0.482 50.5
889 19970206 0.000 48.1
890 19970207 0.000 45.3
891 19970208 0.000 42.7
892 19970209 0.000 40.5
893 19970210 0.370 38.7
894 19970211 0.000 37.1
895 19970212 0.000 36.0
896 19970213 1.248 35.3
897 19970214 7.518 34.7
898 19970215 0.311 34.0
899 19970216 0.000 33.6
900 19970217 0.000 33.2
901 19970218 0.000 32.3
902 19970219 0.000 31.5
903 19970220 0.000 30.7
904 19970221 0.000 29.3
905 19970222 0.000 28.0
906 19970223 1.992 27.7
907 19970224 0.239 27.2
908 19970225 0.000 26.7
909 19970226 0.587 25.7
910 19970227 0.000 25.4
911 19970228 0.000 25.1
912 19970301 0.000 24.7
913 19970302 0.000 24.4
914 19970303 0.000 24.1
915 19970304 0.000 23.8
916 19970305 0.000 23.6
917 19970306 0.000 23.5
918 19970307 0.000 23.3
919 19970308 0.000 23.0
920 19970309 0.000 22.8
921 19970310 0.000 22.4
922 19970311 0.000 22.2
923 19970312 0.000 22.0
924 19970313 0.000 21.8
925 19970314 0.000 21.6
926 19970315 0.000 21.5
927 19970316 0.000 21.3
928 19970317 0.000 21.0
929 19970318 0.000 20.8
930 19970319 0.015 20.5
931 19970320 0.000 20.3
932 19970321 0.000 20.0
933 19970322 0.000 19.7
934 19970323 0.035 19.4
935 19970324 0.000 19.2
936 19970325 0.000 19.0
937 19970326 0.000 18.8
938 19970327 0.000 18.6
939 19970328 0.000 18.4
940 19970329 0.000 18.3
941 19970330 0.000 18.1
942 19970331 0.000 17.9
943 19970401 0.000 17.8
944 19970402 0.000 17.6
945 19970403 0.000 17.4
946 19970404 0.000 17.2
947 19970405 0.000 17.0
948 19970406 0.000 16.8
949 19970407 0.000 16.7
950 19970408 0.000 16.5
951 19970409 0.000 16.3
952 19970410 0.000 16.1
953 19970411 0.000 16.0
954 19970412 0.000 15.9
955 19970413 0.000 15.8
956 19970414 0.000 15.6
957 19970415 0.000 15.5
958 19970416 0.000 15.4
959 19970417 3.277 15.2
960 19970418 0.000 15.1
961 19970419 7.695 15.0
962 19970420 0.000 14.9
963 19970421 0.000 14.8
964 19970422 0.000 14.6
965 19970423 0.000 14.4
966 19970424 0.000 14.2
967 19970425 0.000 14.1
968 19970426 9.869 14.0
969 19970427 0.200 13.9
970 19970428 0.000 13.7
971 19970429 0.000 13.6
972 19970430 0.000 13.5
973 19970501 0.000 13.3
974 19970502 0.000 13.2
975 19970503 0.000 13.1
976 19970504 3.997 12.9
977 19970505 5.619 12.8
978 19970506 13.179 12.8
979 19970507 0.000 12.7
980 19970508 0.000 12.6
981 19970509 0.723 12.5
982 19970510 0.000 12.4
983 19970511 1.188 12.4
984 19970512 4.035 12.2
985 19970513 0.908 12.1
986 19970514 0.056 12.0
987 19970515 0.000 11.9
988 19970516 0.000 11.8
989 19970517 2.215 11.7
990 19970518 0.000 11.6
991 19970519 0.000 11.5
992 19970520 0.000 11.4
993 19970521 0.000 11.3
994 19970522 0.000 11.2
995 19970523 0.000 11.1
996 19970524 0.000 11.0
997 19970525 2.459 10.9
998 19970526 0.000 10.8
999 19970527 0.000 10.7
1000 19970528 0.000 10.6
1001 19970529 0.000 10.5
1002 19970530 0.000 10.4
1003 19970531 0.717 10.4
1004 19970601 15.442 10.3
1005 19970602 2.499 10.3
1006 19970603 0.000 10.3
1007 19970604 6.519 10.3
1008 19970605 10.190 10.3
1009 19970606 0.000 10.4
1010 19970607 0.000 10.4
1011 19970608 0.148 10.3
1012 19970609 0.000 10.3
1013 19970610 0.000 10.2
1014 19970611 0.000 10.2
1015 19970612 0.000 10.1
1016 19970613 0.000 10.1
1017 19970614 0.569 10.0
1018 19970615 0.000  9.9
1019 19970616 0.686  9.8
1020 19970617 0.000  9.7
1021 19970618 0.112  9.6
1022 19970619 0.065  9.5
1023 19970620 0.000  9.4
1024 19970621 21.075  9.3
1025 19970622 1.436  9.2
1026 19970623 0.000  9.2
1027 19970624 0.000  9.1
1028 19970625 1.946  9.1
1029 19970626 10.909  9.0
1030 19970627 1.422  9.0
1031 19970628 10.712  9.1
1032 19970629 2.494  9.1
1033 19970630 5.426  9.1
1034 19970701 0.594  9.1
1035 19970702 7.151  9.1
1036 19970703 2.077  9.0
1037 19970704 8.237  9.0
1038 19970705 0.030  9.2
1039 19970706 0.000  9.2
1040 19970707 0.000  9.1
1041 19970708 0.000  9.1
1042 19970709 0.000  9.0
1043 19970710 0.000  8.9
1044 19970711 2.815  8.8
1045 19970712 0.000  8.7
1046 19970713 0.000  8.7
1047 19970714 0.000  8.6
1048 19970715 0.000  8.5
1049 19970716 0.000  8.5
1050 19970717 14.038  8.4
1051 19970718 0.000  8.3
1052 19970719 0.000  8.3
1053 19970720 0.000  8.2
1054 19970721 0.000  8.2
1055 19970722 0.000  8.1
1056 19970723 0.000  8.1
1057 19970724 0.869  8.0
1058 19970725 0.000  7.9
1059 19970726 0.000  7.9
1060 19970727 0.000  7.8
1061 19970728 0.000  7.7
1062 19970729 0.000  7.7
1063 19970730 0.000  7.6
1064 19970731 0.000  7.6
1065 19970801 0.000  7.5
1066 19970802 0.000  7.5
1067 19970803 0.000  7.5
1068 19970804 0.000  7.4
1069 19970805 0.000  7.4
1070 19970806 3.840  7.3
1071 19970807 0.284  7.3
1072 19970808 0.000  7.3
1073 19970809 0.000  7.2
1074 19970810 0.000  7.2
1075 19970811 40.472  7.2
1076 19970812 0.000  7.2
1077 19970813 0.000  7.4
1078 19970814 0.000  7.6
1079 19970815 0.074  7.5
1080 19970816 0.468  7.3
1081 19970817 0.000  7.3
1082 19970818 0.000  7.2
1083 19970819 0.000  7.2
1084 19970820 0.312  7.1
1085 19970821 3.698  7.1
1086 19970822 10.886  7.0
1087 19970823 0.000  7.0
1088 19970824 0.000  6.9
1089 19970825 0.000  6.9
1090 19970826 0.000  6.9
1091 19970827 0.705  6.9
1092 19970828 10.522  6.9
1093 19970829 0.000  6.9
1094 19970830 0.000  6.9
1095 19970831 0.000  6.9
1096 19970901 6.470  6.8
1097 19970902 2.560  6.7
1098 19970903 0.089  6.6
1099 19970904 0.000  6.5
1100 19970905 0.000  6.5
1101 19970906 0.000  6.5
1102 19970907 0.000  6.5
1103 19970908 0.000  6.4
1104 19970909 0.000  6.4
1105 19970910 0.000  6.4
1106 19970911 0.000  6.3
1107 19970912 0.000  6.3
1108 19970913 2.853  6.3
1109 19970914 0.148  6.2
1110 19970915 0.000  6.2
1111 19970916 0.000  6.1
1112 19970917 0.000  6.1
1113 19970918 0.000  6.1
1114 19970919 0.000  6.0
1115 19970920 0.000  6.0
1116 19970921 2.387  6.0
1117 19970922 0.224  6.0
1118 19970923 0.861  5.9
1119 19970924 0.000  5.9
1120 19970925 0.000  5.9
1121 19970926 0.000  5.9
1122 19970927 0.000  5.9
1123 19970928 0.000  5.8
1124 19970929 0.000  5.8
1125 19970930 0.000  5.8
1126 19971001 0.000  5.8
1127 19971002 0.000  5.8
1128 19971003 0.000  5.8
1129 19971004 0.000  5.8
1130 19971005 0.000  5.8
1131 19971006 22.410  5.8
1132 19971007 24.153  5.8
1133 19971008 0.000  6.3
1134 19971009 0.000  6.3
1135 19971010 0.220  6.2
1136 19971011 0.415  6.1
1137 19971012 0.597  6.0
1138 19971013 0.000  5.9
1139 19971014 0.000  5.8
1140 19971015 0.075  5.7
1141 19971016 0.000  5.7
1142 19971017 0.000  5.6
1143 19971018 0.000  5.6
1144 19971019 0.000  5.6
1145 19971020 0.000  5.5
1146 19971021 1.218  5.5
1147 19971022 21.146  5.5
1148 19971023 7.116  5.6
1149 19971024 0.000  5.6
1150 19971025 0.000  5.7
1151 19971026 0.000  5.7
1152 19971027 0.000  5.8
1153 19971028 7.064  5.8
1154 19971029 0.000  5.8
1155 19971030 0.000  5.8
1156 19971031 0.000  5.8
1157 19971101 0.000  5.7
1158 19971102 0.000  5.7
1159 19971103 0.000  5.7
1160 19971104 5.252  5.6
1161 19971105 53.737  5.7
1162 19971106 63.605  8.7
1163 19971107 3.276 20.2
1164 19971108 3.850 28.1
1165 19971109 1.904 27.7
1166 19971110 5.146 25.9
1167 19971111 18.629 24.2
1168 19971112 0.000 23.5
1169 19971113 0.000 24.4
1170 19971114 0.000 24.4
1171 19971115 0.000 23.1
1172 19971116 0.000 22.1
1173 19971117 0.000 21.1
1174 19971118 0.000 19.7
1175 19971119 1.350 18.9
1176 19971120 7.281 18.1
1177 19971121 0.015 17.6
1178 19971122 0.020 18.0
1179 19971123 0.000 17.7
1180 19971124 0.000 17.4
1181 19971125 1.074 17.1
1182 19971126 0.298 16.9
1183 19971127 0.000 16.2
1184 19971128 7.847 13.9
1185 19971129 0.112 13.3
1186 19971130 0.000 12.9
1187 19971201 1.112 12.7
1188 19971202 8.563 12.5
1189 19971203 0.000 12.3
1190 19971204 0.000 12.1
1191 19971205 0.000 12.0
1192 19971206 0.000 11.8
1193 19971207 0.000 11.6
1194 19971208 0.000 11.4
1195 19971209 0.000 11.2
1196 19971210 0.127 11.0
1197 19971211 0.547 10.8
1198 19971212 0.000 10.6
1199 19971213 0.000 10.5
1200 19971214 0.000 10.3
1201 19971215 0.000 10.2
1202 19971216 12.044 10.0
1203 19971217 49.084 10.4
1204 19971218 79.658 14.1
1205 19971219 40.792 32.8
1206 19971220 0.000 55.2
1207 19971221 0.020 63.1
1208 19971222 0.386 61.5
1209 19971223 0.000 59.1
1210 19971224 0.000 56.7
1211 19971225 0.000 54.0
1212 19971226 0.296 49.8
1213 19971227 0.000 45.5
1214 19971228 0.000 41.8
1215 19971229 0.000 38.2
1216 19971230 2.108 35.3
1217 19971231 1.061 32.6
1218 19980101 8.185 29.8
1219 19980102 12.276 27.9
1220 19980103 0.513 29.6
1221 19980104 0.000 31.5
1222 19980105 0.000 32.9
1223 19980106 0.000 31.8
1224 19980107 0.000 30.5
1225 19980108 0.000 28.9
1226 19980109 0.000 26.2
1227 19980110 0.000 24.4
1228 19980111 0.000 23.5
1229 19980112 0.000 22.8
1230 19980113 15.900 22.2
1231 19980114 4.988 22.0
1232 19980115 0.000 22.4
1233 19980116 8.729 22.8
1234 19980117 0.000 23.1
1235 19980118 8.344 23.5
1236 19980119 5.298 23.9
1237 19980120 0.020 25.3
1238 19980121 0.000 27.8
1239 19980122 0.000 27.7
1240 19980123 0.000 26.1
1241 19980124 0.000 24.8
1242 19980125 1.536 24.1
1243 19980126 0.000 23.6
1244 19980127 0.000 22.9
1245 19980128 0.000 22.4
1246 19980129 0.000 22.0
1247 19980130 0.000 21.5
1248 19980131 0.000 21.1
1249 19980201 0.000 20.5
1250 19980202 0.127 20.1
1251 19980203 0.000 19.7
1252 19980204 0.000 19.3
1253 19980205 0.020 19.0
1254 19980206 0.000 18.6
1255 19980207 0.000 18.3
1256 19980208 0.000 17.9
1257 19980209 0.000 17.6
1258 19980210 0.000 17.3
1259 19980211 0.000 16.9
1260 19980212 0.000 16.6
1261 19980213 0.000 16.4
1262 19980214 0.000 16.2
1263 19980215 0.000 16.0
1264 19980216 0.000 15.8
1265 19980217 0.000 15.6
1266 19980218 0.000 15.4
1267 19980219 0.000 15.3
1268 19980220 0.000 15.1
1269 19980221 0.000 14.9
1270 19980222 11.609 14.7
1271 19980223 0.000 14.5
1272 19980224 0.000 14.3
1273 19980225 0.000 14.0
1274 19980226 0.000 13.8
1275 19980227 0.000 13.6
1276 19980228 0.000 13.5
1277 19980301 0.000 13.3
1278 19980302 0.000 13.2
1279 19980303 0.000 13.1
1280 19980304 0.000 12.7
1281 19980305 0.000 12.5
1282 19980306 0.000 12.4
1283 19980307 0.401 12.2
1284 19980308 4.837 12.1
1285 19980309 0.000 11.9
1286 19980310 0.000 11.8
1287 19980311 9.472 11.6
1288 19980312 0.000 11.5
1289 19980313 0.000 11.3
1290 19980314 0.000 11.2
1291 19980315 0.000 11.1
1292 19980316 0.000 10.9
1293 19980317 0.000 10.8
1294 19980318 0.000 10.7
1295 19980319 0.000 10.5
1296 19980320 0.000 10.4
1297 19980321 0.000 10.3
1298 19980322 0.000 10.2
1299 19980323 0.000 10.1
1300 19980324 0.000 10.0
1301 19980325 0.000  9.9
1302 19980326 0.000  9.8
1303 19980327 0.000  9.7
1304 19980328 0.000  9.6
1305 19980329 0.000  9.6
1306 19980330 0.000  9.5
1307 19980331 0.349  9.4
1308 19980401 12.354  9.3
1309 19980402 1.734  9.2
1310 19980403 1.616  9.2
1311 19980404 2.338  9.2
1312 19980405 4.731  9.3
1313 19980406 1.574  9.5
1314 19980407 12.294 10.2
1315 19980408 1.900 10.8
1316 19980409 13.901 11.5
1317 19980410 3.284 12.2
1318 19980411 4.384 12.9
1319 19980412 1.609 13.4
1320 19980413 0.575 13.8
1321 19980414 6.888 14.2
1322 19980415 33.833 15.0
1323 19980416 2.170 17.8
1324 19980417 1.794 20.7
1325 19980418 0.020 22.1
1326 19980419 0.000 21.5
1327 19980420 0.000 21.0
1328 19980421 0.000 20.6
1329 19980422 0.000 20.4
1330 19980423 0.000 20.2
1331 19980424 0.000 20.0
1332 19980425 0.000 19.6
1333 19980426 11.818 19.2
1334 19980427 2.902 19.0
1335 19980428 0.000 18.8
1336 19980429 18.051 18.7
1337 19980430 12.475 18.8
1338 19980501 12.947 19.7
1339 19980502 0.547 21.8
1340 19980503 0.220 23.2
1341 19980504 0.000 24.4
1342 19980505 0.000 23.9
1343 19980506 0.000 23.4
1344 19980507 0.000 22.9
1345 19980508 0.000 22.3
1346 19980509 0.000 21.7
1347 19980510 0.000 21.3
1348 19980511 0.000 20.8
1349 19980512 0.000 20.1
1350 19980513 0.000 19.6
1351 19980514 0.408 19.2
1352 19980515 5.085 18.9
1353 19980516 0.000 18.5
1354 19980517 0.000 18.1
1355 19980518 0.000 17.7
1356 19980519 0.000 17.4
1357 19980520 0.000 17.0
1358 19980521 1.232 16.6
1359 19980522 0.000 16.3
1360 19980523 0.000 16.0
1361 19980524 0.000 15.7
1362 19980525 0.000 15.5
1363 19980526 0.089 15.2
1364 19980527 13.169 15.0
1365 19980528 46.437 15.1
1366 19980529 0.112 16.5
1367 19980530 1.008 17.3
1368 19980531 2.797 17.8
1369 19980601 0.000 18.2
1370 19980602 0.000 18.5
1371 19980603 0.872 18.5
1372 19980604 0.000 18.3
1373 19980605 0.000 18.0
1374 19980606 23.048 17.8
1375 19980607 16.860 17.6
1376 19980608 0.000 17.5
1377 19980609 0.000 17.7
1378 19980610 6.729 17.7
1379 19980611 1.243 17.5
1380 19980612 0.000 17.4
1381 19980613 0.000 17.0
1382 19980614 0.000 16.6
1383 19980615 0.000 16.3
1384 19980616 0.000 15.9
1385 19980617 0.000 15.6
1386 19980618 0.000 15.3
1387 19980619 0.000 15.0
1388 19980620 0.000 14.7
1389 19980621 0.000 14.4
1390 19980622 0.000 14.0
1391 19980623 0.000 13.6
1392 19980624 0.000 13.4
1393 19980625 0.000 13.1
1394 19980626 0.000 12.8
1395 19980627 0.000 12.6
1396 19980628 0.000 12.3
1397 19980629 0.576 12.0
1398 19980630 0.000 11.8
1399 19980701 0.192 11.5
1400 19980702 0.450 11.4
1401 19980703 0.015 11.2
1402 19980704 0.000 11.0
1403 19980705 0.000 10.8
1404 19980706 0.045 10.7
1405 19980707 0.030 10.5
1406 19980708 0.000 10.4
1407 19980709 0.000 10.2
1408 19980710 0.000 10.1
1409 19980711 0.000  9.9
1410 19980712 0.000  9.8
1411 19980713 1.214  9.6
1412 19980714 0.000  9.4
1413 19980715 0.000  9.3
1414 19980716 0.000  9.2
1415 19980717 0.000  9.1
1416 19980718 0.000  8.9
1417 19980719 0.000  8.8
1418 19980720 0.000  8.7
1419 19980721 0.000  8.5
1420 19980722 0.000  8.4
1421 19980723 0.000  8.3
1422 19980724 0.000  8.2
1423 19980725 0.000  8.2
1424 19980726 0.794  8.1
1425 19980727 1.030  8.0
1426 19980728 0.000  7.9
1427 19980729 0.000  7.8
1428 19980730 0.111  7.7
1429 19980731 0.000  7.7
1430 19980801 0.000  7.7
1431 19980802 2.443  7.6
1432 19980803 26.691  7.5
1433 19980804 0.259  7.5
1434 19980805 0.000  7.4
1435 19980806 0.000  7.3
1436 19980807 0.000  7.3
1437 19980808 0.000  7.2
1438 19980809 0.000  7.2
1439 19980810 0.000  7.1
1440 19980811 0.000  7.0
1441 19980812 0.000  7.0
1442 19980813 0.000  6.9
1443 19980814 0.000  6.8
1444 19980815 0.000  6.8
1445 19980816 0.000  6.8
1446 19980817 0.000  6.7
1447 19980818 3.777  6.6
1448 19980819 0.000  6.6
1449 19980820 0.000  6.5
1450 19980821 0.000  6.5
1451 19980822 0.000  6.4
1452 19980823 0.000  6.4
1453 19980824 0.000  6.3
1454 19980825 0.000  6.3
1455 19980826 0.000  6.2
1456 19980827 0.000  6.2
1457 19980828 0.000  6.1
1458 19980829 0.000  6.0
1459 19980830 0.000  6.0
1460 19980831 0.000  6.0
1461 19980901 0.000  6.0
1462 19980902 1.090  5.9
1463 19980903 0.000  5.9
1464 19980904 18.202  5.9
1465 19980905 0.000  5.8
1466 19980906 0.000  5.9
1467 19980907 20.897  5.9
1468 19980908 0.000  5.9
1469 19980909 0.000  5.9
1470 19980910 1.080  5.8
1471 19980911 19.351  5.8
1472 19980912 1.089  5.8
1473 19980913 1.257  5.8
1474 19980914 0.000  5.8
1475 19980915 0.037  5.7
1476 19980916 0.000  5.7
1477 19980917 0.000  5.7
1478 19980918 0.000  5.7
1479 19980919 0.000  5.6
1480 19980920 0.000  5.6
1481 19980921 0.000  5.5
1482 19980922 0.000  5.5
1483 19980923 0.000  5.5
1484 19980924 0.000  5.5
1485 19980925 0.000  5.4
1486 19980926 3.185  5.4
1487 19980927 21.171  5.4
1488 19980928 0.000  5.4
1489 19980929 21.945  5.3
1490 19980930 6.061  5.3
1491 19981001 3.316  6.6
1492 19981002 7.746  7.1
1493 19981003 0.000  7.3
1494 19981004 0.000  7.2
1495 19981005 22.164  7.2
1496 19981006 14.102  8.3
1497 19981007 0.000 10.9
1498 19981008 2.684 10.9
1499 19981009 4.579 10.4
1500 19981010 0.000  9.9
1501 19981011 0.015  9.6
1502 19981012 0.000  9.4
1503 19981013 0.000  9.1
1504 19981014 0.000  8.8
1505 19981015 0.000  8.5
1506 19981016 0.000  8.3
1507 19981017 4.254  8.0
1508 19981018 3.072  7.7
1509 19981019 0.132  7.4
1510 19981020 0.000  7.2
1511 19981021 0.000  6.9
1512 19981022 0.000  6.6
1513 19981023 0.000  6.5
1514 19981024 6.742  6.3
1515 19981025 2.944  6.2
1516 19981026 0.198  6.1
1517 19981027 0.000  6.0
1518 19981028 0.000  6.0
1519 19981029 0.030  5.9
1520 19981030 0.000  5.8
1521 19981031 0.015  5.8
1522 19981101 0.713  5.8
1523 19981102 3.507  5.7
1524 19981103 6.210  5.6
1525 19981104 0.481  5.6
1526 19981105 0.000  5.6
1527 19981106 0.000  5.5
1528 19981107 0.000  5.5
1529 19981108 0.000  5.5
1530 19981109 0.000  5.5
1531 19981110 3.733  5.5
1532 19981111 0.000  5.4
1533 19981112 0.828  5.4
1534 19981113 7.090  5.3
1535 19981114 0.405  5.3
1536 19981115 0.000  5.3
1537 19981116 0.000  5.2
1538 19981117 0.000  5.2
1539 19981118 0.000  5.2
1540 19981119 0.000  5.2
1541 19981120 0.000  5.1
1542 19981121 0.000  5.1
1543 19981122 0.000  5.1
1544 19981123 0.000  5.0
1545 19981124 0.000  5.0
1546 19981125 1.843  5.0
1547 19981126 0.000  5.0
1548 19981127 0.000  4.9
1549 19981128 0.784  4.9
1550 19981129 2.105  4.9
1551 19981130 0.000  4.8
1552 19981201 0.000  4.8
1553 19981202 0.000  4.7
1554 19981203 0.000  4.7
1555 19981204 0.000  4.7
1556 19981205 0.000  4.6
1557 19981206 0.000  4.6
1558 19981207 0.000  4.6
1559 19981208 0.000  4.5
1560 19981209 0.020  4.5
1561 19981210 7.499  4.5
1562 19981211 0.000  4.5
1563 19981212 0.000  4.5
1564 19981213 0.000  4.5
1565 19981214 0.000  4.4
1566 19981215 0.000  4.4
1567 19981216 0.000  4.4
1568 19981217 0.000  4.4
1569 19981218 0.000  4.4
1570 19981219 0.000  4.4
1571 19981220 7.014  4.4
1572 19981221 0.000  4.3
1573 19981222 0.000  4.3
1574 19981223 0.000  4.3
1575 19981224 5.397  4.3
1576 19981225 0.000  4.3
1577 19981226 0.000  4.3
1578 19981227 0.000  4.3
1579 19981228 1.779  4.3
1580 19981229 0.224  4.3
1581 19981230 0.000  4.3
1582 19981231 13.722  4.3
1583 19990101 4.682  5.0
1584 19990102 4.788  6.5
1585 19990103 0.000  6.9
1586 19990104 0.000  7.1
1587 19990105 0.000  7.8
1588 19990106 0.020 10.0
1589 19990107 0.000 11.6
1590 19990108 0.000 11.5
1591 19990109 6.808 11.1
1592 19990110 58.928 10.8
1593 19990111 0.000 10.6
1594 19990112 4.522 10.9
1595 19990113 0.224 10.4
1596 19990114 0.000  9.9
1597 19990115 0.000  9.6
1598 19990116 1.304 11.9
1599 19990117 52.478 20.3
1600 19990118 0.464 23.1
1601 19990119 0.000 28.6
1602 19990120 0.000 30.2
1603 19990121 0.000 28.5
1604 19990122 0.000 23.5
1605 19990123 0.000 21.2
1606 19990124 0.000 20.2
1607 19990125 0.000 19.6
1608 19990126 5.062 18.5
1609 19990127 1.544 17.5
1610 19990128 5.830 17.0
1611 19990129 0.000 16.9
1612 19990130 0.000 16.8
1613 19990131 0.000 16.7
1614 19990201 0.000 16.6
1615 19990202 0.000 16.4
1616 19990203 0.000 15.8
1617 19990204 0.000 15.4
1618 19990205 0.000 15.1
1619 19990206 0.000 14.8
1620 19990207 1.249 14.4
1621 19990208 5.368 14.1
1622 19990209 19.152 13.8
1623 19990210 0.000 14.2
1624 19990211 0.000 14.4
1625 19990212 0.000 14.3
1626 19990213 0.000 14.2
1627 19990214 0.000 13.8
1628 19990215 0.000 13.4
1629 19990216 0.000 13.0
1630 19990217 0.000 12.7
1631 19990218 0.000 12.4
1632 19990219 0.000 12.2
1633 19990220 1.141 12.2
1634 19990221 0.269 12.5
1635 19990222 1.393 13.8
1636 19990223 0.030 14.8
1637 19990224 0.015 14.5
1638 19990225 0.000 14.1
1639 19990226 0.000 13.7
1640 19990227 0.000 13.7
1641 19990228 0.000 13.7
1642 19990301 0.000 13.5
1643 19990302 0.000 13.0
1644 19990303 43.354 13.2
1645 19990304 1.940 14.5
1646 19990305 0.020 17.7
1647 19990306 0.800 19.4
1648 19990307 0.000 19.5
1649 19990308 0.000 19.3
1650 19990309 0.000 18.7
1651 19990310 0.000 18.2
1652 19990311 0.000 17.9
1653 19990312 0.000 17.7
1654 19990313 0.000 17.6
1655 19990314 0.000 17.5
1656 19990315 0.000 17.4
1657 19990316 0.000 17.3
1658 19990317 0.074 17.1
1659 19990318 0.000 16.8
1660 19990319 0.000 16.5
1661 19990320 0.000 16.0
1662 19990321 0.678 15.6
1663 19990322 0.035 15.3
1664 19990323 0.000 15.0
1665 19990324 2.325 14.7
1666 19990325 16.485 14.4
1667 19990326 28.582 14.4
1668 19990327 2.239 15.7
1669 19990328 0.000 17.9
1670 19990329 0.000 20.0
1671 19990330 0.000 20.7
1672 19990331 0.000 20.5
1673 19990401 0.000 20.0
1674 19990402 0.000 19.5
1675 19990403 0.000 19.2
1676 19990404 0.000 18.8
1677 19990405 0.000 18.5
1678 19990406 0.000 18.1
1679 19990407 3.050 17.8
1680 19990408 0.000 17.5
1681 19990409 0.000 17.1
1682 19990410 0.000 16.7
1683 19990411 0.000 16.4
1684 19990412 6.642 16.1
1685 19990413 0.000 15.7
1686 19990414 14.629 15.4
1687 19990415 10.860 15.4
1688 19990416 0.000 15.8
1689 19990417 0.000 17.4
1690 19990418 0.015 18.4
1691 19990419 0.000 18.4
1692 19990420 4.157 18.4
1693 19990421 10.623 18.4
1694 19990422 0.000 18.4
1695 19990423 11.871 18.5
1696 19990424 0.224 18.4
1697 19990425 0.000 18.3
1698 19990426 8.909 18.3
1699 19990427 0.847 18.4
1700 19990428 0.074 18.7
1701 19990429 0.000 18.9
1702 19990430 0.000 18.9
1703 19990501 0.000 18.8
1704 19990502 2.968 18.7
1705 19990503 20.564 18.5
1706 19990504 10.631 18.8
1707 19990505 1.342 21.4
1708 19990506 0.000 24.0
1709 19990507 6.368 24.6
1710 19990508 5.370 24.2
1711 19990509 0.000 23.5
1712 19990510 0.000 22.7
1713 19990511 0.000 22.1
1714 19990512 0.000 21.7
1715 19990513 0.000 21.3
1716 19990514 0.620 20.3
1717 19990515 0.000 19.6
1718 19990516 4.296 19.3
1719 19990517 7.009 18.9
1720 19990518 0.112 18.4
1721 19990519 1.889 18.1
1722 19990520 4.496 17.7
1723 19990521 0.035 17.2
1724 19990522 0.000 16.8
1725 19990523 0.000 16.4
1726 19990524 0.000 16.0
1727 19990525 0.000 15.7
1728 19990526 0.000 15.4
1729 19990527 0.000 15.1
1730 19990528 0.112 14.8
1731 19990529 0.000 14.6
1732 19990530 0.000 14.2
1733 19990531 0.000 13.9
1734 19990601 0.000 13.6
1735 19990602 0.112 13.3
1736 19990603 2.297 13.0
1737 19990604 0.000 12.7
1738 19990605 5.612 12.4
1739 19990606 8.494 12.2
1740 19990607 1.067 11.9
1741 19990608 0.000 11.7
1742 19990609 3.240 11.5
1743 19990610 6.910 11.2
1744 19990611 0.000 11.1
1745 19990612 0.000 10.9
1746 19990613 0.000 10.7
1747 19990614 0.000 10.6
1748 19990615 0.000 10.4
1749 19990616 0.000 10.2
1750 19990617 0.000 10.1
1751 19990618 0.000  9.9
1752 19990619 0.000  9.8
1753 19990620 0.000  9.6
1754 19990621 0.000  9.4
1755 19990622 0.000  9.3
1756 19990623 0.000  9.2
1757 19990624 0.000  9.1
1758 19990625 0.000  8.9
1759 19990626 4.043  8.8
1760 19990627 2.059  8.7
1761 19990628 0.000  8.5
1762 19990629 0.000  8.4
1763 19990630 0.000  8.3
1764 19990701 0.000  8.2
1765 19990702 0.000  8.1
1766 19990703 0.000  8.0
1767 19990704 0.000  7.9
1768 19990705 0.278  7.8
1769 19990706 0.000  7.7
1770 19990707 0.000  7.6
1771 19990708 0.000  7.6
1772 19990709 0.000  7.5
1773 19990710 0.000  7.4
1774 19990711 8.064  7.3
1775 19990712 0.000  7.3
1776 19990713 15.505  7.2
1777 19990714 0.000  7.1
1778 19990715 0.000  7.0
1779 19990716 0.000  7.0
1780 19990717 0.000  6.8
1781 19990718 0.000  6.8
1782 19990719 0.000  6.7
1783 19990720 0.000  6.6
1784 19990721 0.623  6.5
1785 19990722 0.000  6.4
1786 19990723 0.000  6.4
1787 19990724 0.000  6.3
1788 19990725 0.000  6.3
1789 19990726 0.000  6.2
1790 19990727 0.533  6.2
1791 19990728 0.187  6.1
1792 19990729 1.427  6.1
1793 19990730 8.763  6.0
1794 19990731 13.631  6.0
1795 19990801 2.543  6.1
1796 19990802 7.015  6.1
1797 19990803 0.037  6.0
1798 19990804 1.728  6.0
1799 19990805 0.112  6.0
1800 19990806 9.428  5.9
1801 19990807 6.855  5.9
1802 19990808 0.112  6.0
1803 19990809 0.545  6.1
1804 19990810 0.000  6.1
1805 19990811 0.000  6.0
1806 19990812 0.000  5.9
1807 19990813 0.000  5.8
1808 19990814 0.000  5.8
1809 19990815 0.112  5.7
1810 19990816 0.556  5.6
1811 19990817 0.000  5.5
1812 19990818 0.112  5.5
1813 19990819 0.838  5.5
1814 19990820 0.212  5.4
1815 19990821 0.000  5.3
1816 19990822 0.000  5.3
1817 19990823 0.000  5.2
1818 19990824 0.000  5.2
1819 19990825 0.000  5.1
1820 19990826 3.348  5.1
1821 19990827 0.000  5.0
1822 19990828 3.143  5.0
1823 19990829 0.000  5.0
1824 19990830 0.000  5.0
1825 19990831 0.000  4.9
1826 19990901 0.112  4.9
1827 19990902 3.131  4.8
1828 19990903 13.382  4.8
1829 19990904 0.000  4.8
1830 19990905 3.730  4.7
1831 19990906 6.618  4.7
1832 19990907 0.112  4.7
1833 19990908 0.112  4.7
1834 19990909 0.000  4.6
1835 19990910 0.112  4.6
1836 19990911 0.000  4.6
1837 19990912 0.000  4.5
1838 19990913 0.000  4.5
1839 19990914 27.570  4.5
1840 19990915 9.586  4.5
1841 19990916 0.112  4.5
1842 19990917 0.000  4.5
1843 19990918 0.795  4.6
1844 19990919 82.512  6.0
1845 19990920 0.112  9.8
1846 19990921 0.000 13.2
1847 19990922 0.000 12.4
1848 19990923 0.000 10.6
1849 19990924 0.112  9.4
1850 19990925 16.651  8.4
1851 19990926 0.224  8.1
1852 19990927 3.641  7.9
1853 19990928 0.000  7.7
1854 19990929 0.000  7.6
1855 19990930 5.309  7.4
1856 19991001 0.000  7.3
1857 19991002 0.239  7.0
1858 19991003 6.447  6.9
1859 19991004 0.000  6.8
1860 19991005 0.000  6.9
1861 19991006 0.000  6.8
1862 19991007 0.000  6.6
1863 19991008 0.000  6.5
1864 19991009 0.000  6.3
1865 19991010 0.112  6.1
1866 19991011 0.000  5.9
1867 19991012 7.636  5.7
1868 19991013 9.846  5.7
1869 19991014 0.560  5.6
1870 19991015 0.000  5.7
1871 19991016 0.000  5.7
1872 19991017 2.298  5.6
1873 19991018 7.681  5.6
1874 19991019 28.264  6.4
1875 19991020 75.781 11.4
1876 19991021 14.139 18.7
1877 19991022 2.739 35.7
1878 19991023 14.602 41.8
1879 19991024 29.768 42.4
1880 19991025 2.612 47.8
1881 19991026 0.000 52.0
1882 19991027 0.112 51.7
1883 19991028 0.000 48.7
1884 19991029 0.000 45.2
1885 19991030 0.224 41.2
1886 19991031 0.112 38.3
1887 19991101 0.112 36.9
1888 19991102 11.057 32.4
1889 19991103 0.224 27.8
1890 19991104 2.630 24.4
1891 19991105 0.075 23.0
1892 19991106 5.813 22.1
1893 19991107 0.000 21.7
1894 19991108 0.000 21.5
1895 19991109 0.000 21.1
1896 19991110 0.000 20.3
1897 19991111 3.114 19.8
1898 19991112 3.410 19.5
1899 19991113 22.087 19.3
1900 19991114 0.112 19.2
1901 19991115 2.837 20.0
1902 19991116 1.055 21.4
1903 19991117 0.000 21.5
1904 19991118 25.524 21.4
1905 19991119 0.020 21.3
1906 19991120 19.710 21.4
1907 19991121 3.890 22.7
1908 19991122 0.000 24.5
1909 19991123 0.000 23.7
1910 19991124 0.000 22.9
1911 19991125 0.000 22.1
1912 19991126 0.112 21.5
1913 19991127 0.000 21.0
1914 19991128 0.000 20.8
1915 19991129 0.000 21.2
1916 19991130 0.000 21.7
1917 19991201 0.000 22.2
1918 19991202 0.000 21.5
1919 19991203 0.000 20.1
1920 19991204 0.112 18.5
1921 19991205 0.000 18.1
1922 19991206 0.000 17.9
1923 19991207 0.000 17.6
1924 19991208 0.127 17.4
1925 19991209 14.383 17.2
1926 19991210 0.930 17.1
1927 19991211 3.788 17.4
1928 19991212 0.794 17.7
1929 19991213 6.762 18.1
1930 19991214 0.527 18.3
1931 19991215 0.020 18.3
1932 19991216 0.000 18.2
1933 19991217 0.000 18.1
1934 19991218 0.030 18.0
1935 19991219 0.000 17.9
1936 19991220 0.000 17.7
1937 19991221 0.000 17.6
1938 19991222 0.000 17.5
1939 19991223 0.000 17.3
1940 19991224 1.117 17.1
1941 19991225 3.280 17.0
1942 19991226 0.714 16.8
1943 19991227 7.028 16.6
1944 19991228 0.000 16.4
1945 19991229 0.000 16.3
1946 19991230 0.000 16.1
1947 19991231 0.000 16.1
1948 20000101 0.000 16.1
1949 20000102 0.112 15.8
1950 20000103 0.000 15.5
1951 20000104 0.000 15.2
1952 20000105 0.000 15.0
1953 20000106 0.000 14.7
1954 20000107 0.000 14.4
1955 20000108 0.112 14.1
1956 20000109 1.455 13.8
1957 20000110 0.112 13.6
1958 20000111 0.000 13.4
1959 20000112 0.000 13.2
1960 20000113 0.000 13.0
1961 20000114 1.814 12.8
1962 20000115 0.000 12.6
1963 20000116 0.000 12.4
1964 20000117 0.000 12.2
1965 20000118 0.000 12.0
1966 20000119 0.000 11.8
1967 20000120 0.000 11.6
1968 20000121 0.000 11.5
1969 20000122 0.030 11.3
1970 20000123 0.000 11.1
1971 20000124 0.000 10.9
1972 20000125 0.030 10.7
1973 20000126 0.000 10.5
1974 20000127 1.465 10.4
1975 20000128 0.000 10.3
1976 20000129 0.000 10.2
1977 20000130 0.000 10.0
1978 20000131 0.000  9.9
1979 20000201 2.000  9.9
1980 20000202 3.998  9.9
1981 20000203 0.000  9.8
1982 20000204 0.000  9.7
1983 20000205 0.000  9.6
1984 20000206 0.000  9.5
1985 20000207 1.121  9.4
1986 20000208 0.035  9.3
1987 20000209 0.000  9.2
1988 20000210 0.015  9.1
1989 20000211 0.030  9.0
1990 20000212 0.000  8.9
1991 20000213 0.000  8.8
1992 20000214 0.000  8.7
1993 20000215 0.000  8.6
1994 20000216 1.587  8.5
1995 20000217 0.784  8.5
1996 20000218 7.823  8.6
1997 20000219 1.243  8.8
1998 20000220 0.000  8.9
1999 20000221 0.000  8.8
2000 20000222 0.000  8.7
2001 20000223 0.000  8.7
2002 20000224 0.000  8.6
2003 20000225 0.000  8.5
2004 20000226 0.000  8.4
2005 20000227 0.000  8.2
2006 20000228 0.000  8.1
2007 20000229 5.358  8.0
2008 20000301 11.510  8.5
2009 20000302 0.000  9.2
2010 20000303 0.060  9.9
2011 20000304 0.588 10.3
2012 20000305 0.000 10.3
2013 20000306 0.000 10.2
2014 20000307 0.000 10.1
2015 20000308 0.000 10.0
2016 20000309 0.000  9.8
2017 20000310 0.000  9.7
2018 20000311 0.000  9.5
2019 20000312 0.000  9.4
2020 20000313 0.000  9.2
2021 20000314 0.000  9.1
2022 20000315 0.000  8.9
2023 20000316 0.000  8.8
2024 20000317 0.000  8.6
2025 20000318 0.000  8.5
2026 20000319 2.797  8.4
2027 20000320 1.321  8.3
2028 20000321 0.000  8.1
2029 20000322 0.000  8.0
2030 20000323 0.667  7.9
2031 20000324 4.180  7.9
2032 20000325 11.868  8.0
2033 20000326 2.201  8.0
2034 20000327 0.000  8.0
2035 20000328 11.186  8.0
2036 20000329 0.369  8.0
2037 20000330 0.000  8.3
2038 20000331 27.067  9.6
2039 20000401 0.000 11.1
2040 20000402 2.661 13.7
2041 20000403 5.032 15.0
2042 20000404 2.784 15.9
2043 20000405 0.015 16.6
2044 20000406 0.000 16.7
2045 20000407 0.000 16.7
2046 20000408 0.000 16.6
2047 20000409 37.701 16.5
2048 20000410 0.383 17.1
2049 20000411 0.610 19.8
2050 20000412 0.590 22.0
2051 20000413 0.074 22.3
2052 20000414 9.685 21.6
2053 20000415 0.000 21.3
2054 20000416 25.244 21.6
2055 20000417 0.000 22.9
2056 20000418 0.000 32.2
2057 20000419 0.000 35.4
2058 20000420 0.000 34.7
2059 20000421 0.000 32.2
2060 20000422 0.000 29.5
2061 20000423 20.557 27.0
2062 20000424 0.000 26.0
2063 20000425 0.000 25.9
2064 20000426 0.000 25.6
2065 20000427 5.637 25.2
2066 20000428 26.031 28.7
2067 20000429 0.000 38.2
2068 20000430 0.000 41.6
2069 20000501 3.758 41.2
2070 20000502 0.761 39.9
2071 20000503 0.000 38.1
2072 20000504 0.112 36.0
2073 20000505 0.112 34.0
2074 20000506 0.197 31.7
2075 20000507 4.497 29.3
2076 20000508 0.185 26.0
2077 20000509 4.688 24.4
2078 20000510 21.555 23.7
2079 20000511 26.132 25.6
2080 20000512 0.112 30.0
2081 20000513 0.185 31.2
2082 20000514 0.000 32.3
2083 20000515 1.078 30.2
2084 20000516 0.000 27.6
2085 20000517 0.661 25.3
2086 20000518 0.000 24.1
2087 20000519 0.000 23.3
2088 20000520 0.000 22.6
2089 20000521 0.000 22.0
2090 20000522 0.000 21.4
2091 20000523 0.000 20.6
2092 20000524 0.000 20.1
2093 20000525 0.000 19.6
2094 20000526 10.495 19.3
2095 20000527 2.351 18.9
2096 20000528 0.147 18.5
2097 20000529 0.000 18.2
2098 20000530 0.000 17.9
2099 20000531 0.000 17.6
2100 20000601 0.000 17.4
2101 20000602 0.112 17.2
2102 20000603 0.000 16.9
2103 20000604 0.000 16.6
2104 20000605 0.000 16.3
2105 20000606 0.448 16.0
2106 20000607 0.000 15.7
2107 20000608 0.112 15.5
2108 20000609 0.000 15.3
2109 20000610 20.285 15.1
2110 20000611 3.479 14.9
2111 20000612 4.168 14.6
2112 20000613 12.988 14.4
2113 20000614 13.673 14.1
2114 20000615 0.000 14.2
2115 20000616 0.000 14.2
2116 20000617 0.000 13.9
2117 20000618 0.000 13.6
2118 20000619 0.000 13.2
2119 20000620 0.000 12.9
2120 20000621 0.000 12.4
2121 20000622 0.000 12.0
2122 20000623 0.000 11.5
2123 20000624 0.000 11.1
2124 20000625 0.000 10.6
2125 20000626 0.000 10.2
2126 20000627 0.000  9.9
2127 20000628 0.000 10.2
2128 20000629 0.000 10.6
2129 20000630 0.000 11.0
2130 20000701 0.112 11.2
2131 20000702 0.000 10.8
2132 20000703 0.297 10.4
2133 20000704 0.000 10.2
2134 20000705 0.000 10.1
2135 20000706 0.000 10.0
2136 20000707 0.000  9.8
2137 20000708 0.000  9.7
2138 20000709 0.000  9.6
2139 20000710 12.076  9.5
2140 20000711 0.208  9.3
2141 20000712 0.775  9.2
2142 20000713 0.000  9.1
2143 20000714 0.000  8.9
2144 20000715 0.000  8.8
2145 20000716 0.000  8.7
2146 20000717 0.000  8.6
2147 20000718 0.000  8.5
2148 20000719 0.000  8.4
2149 20000720 0.000  8.3
2150 20000721 0.000  8.2
2151 20000722 0.000  8.1
2152 20000723 9.996  8.1
2153 20000724 0.112  8.0
2154 20000725 28.463  7.9
2155 20000726 0.000  7.8
2156 20000727 0.559  7.8
2157 20000728 0.000  7.7
2158 20000729 0.000  7.6
2159 20000730 0.000  7.6
2160 20000731 0.000  7.5
2161 20000801 0.000  7.4
2162 20000802 0.809  7.3
2163 20000803 0.971  7.3
2164 20000804 0.000  7.2
2165 20000805 0.000  7.1
2166 20000806 0.000  7.0
2167 20000807 0.000  7.0
2168 20000808 0.000  6.9
2169 20000809 0.000  6.8
2170 20000810 0.000  6.8
2171 20000811 0.000  6.7
2172 20000812 0.030  6.7
2173 20000813 0.000  6.6
2174 20000814 0.000  6.6
2175 20000815 0.000  6.5
2176 20000816 0.000  6.5
2177 20000817 0.000  6.4
2178 20000818 0.000  6.4
2179 20000819 0.000  6.3
2180 20000820 0.000  6.3
2181 20000821 0.986  6.2
2182 20000822 0.000  6.2
2183 20000823 0.000  6.1
2184 20000824 0.000  6.0
2185 20000825 0.000  6.0
2186 20000826 0.910  5.9
2187 20000827 0.000  5.8
2188 20000828 0.000  5.8
2189 20000829 2.071  5.8
2190 20000830 15.057  5.8
2191 20000831 0.015  5.8
